100
0 0101 2 1 100 
0 0102 2 1 100 
0 0103 2 1 100 
0 0104 2 1 100 
0 0105 2 1 100 
0 0106 2 1 100 
0 0107 2 1 100 
0 0108 2 1 100 
0 0109 2 1 100 
0 0110 2 1 100 
1 0111 2 1 100 周迎川 50023519992222 17384017268
0 0112 2 1 100 
0 0113 2 1 100 
0 0114 2 1 100 
0 0115 2 1 100 
0 0116 2 1 100 
0 0117 2 1 100 
0 0118 2 1 100 
0 0119 2 1 100 
0 0120 2 1 100 
0 0201 1 1 120 
0 0202 1 1 120 
0 0203 1 1 120 
0 0204 1 1 120 
0 0205 1 1 120 
0 0206 1 1 120 
0 0207 1 1 120 
0 0208 1 1 120 
0 0209 1 1 120 
0 0210 1 1 120 
0 0211 1 1 120 
0 0212 1 1 120 
0 0213 1 1 120 
0 0214 1 1 120 
0 0215 1 1 120 
0 0216 1 1 120 
0 0217 1 1 120 
0 0218 1 1 120 
0 0219 1 1 120 
0 0220 1 1 120 
0 0301 2 2 110 
0 0302 2 2 110 
0 0303 2 2 110 
0 0304 2 2 110 
0 0305 2 2 110 
0 0306 2 2 110 
0 0307 2 2 110 
0 0308 2 2 110 
0 0309 2 2 110 
0 0310 2 2 110 
0 0311 2 2 110 
0 0312 2 2 110 
0 0313 2 2 110 
0 0314 2 2 110 
0 0315 2 2 110 
0 0316 2 2 110 
0 0317 2 2 110 
0 0318 2 2 110 
0 0319 2 2 110 
0 0320 2 2 110 
0 0401 4 2 200 
0 0402 4 2 200 
0 0403 4 2 200 
0 0404 4 2 200 
0 0405 4 2 200 
0 0406 4 2 200 
0 0407 4 2 200 
0 0408 4 2 200 
0 0409 4 2 200 
0 0410 4 2 200 
0 0411 4 2 200 
1 0412 4 2 200 黄磊 360456454645 1354648486 
0 0413 4 2 200 
0 0414 4 2 200 
0 0415 4 2 200 
0 0416 4 2 200 
0 0417 4 2 200 
0 0418 4 2 200 
0 0419 4 2 200 
0 0420 4 2 200 
0 0501 1 1 500 
0 0502 1 1 500 
0 0503 1 1 500 
0 0504 1 1 500 
0 0505 1 1 500 
0 0506 1 1 500 
0 0507 1 1 500 
0 0508 1 1 500 
0 0509 1 1 500 
0 0510 1 1 500 
0 0511 1 1 500 
0 0512 1 1 500 
0 0513 1 1 500 
0 0514 1 1 500 
0 0515 1 1 500 
0 0516 1 1 500 
0 0517 1 1 500 
0 0518 1 1 500 
0 0519 1 1 500 
0 0520 1 1 500 
